ogrodzenia
Nr	X	Y	Z	Hg	Hd
2	5804711.02	6423484.95	76.43
3	5804711.74	6423488.13	76.45
4	5804703.91	6423495.17	76.48
5	5804703.89	6423498.79	76.43
6	5804711.21	6423541.35	76.31
7	5804711.19	6423544.81	76.31
12	5804703.11	6423542.32	76.35
13	5804703.10	6423545.36	76.31
14	5804703.14	6423546.14	76.39
15	5804703.11	6423550.13	76.45
23	5804580.19	6423430.20	76.98
24	5804578.16	6423427.86	76.98
37	5804530.59	6423370.52	76.63
40	5804528.43	6423367.81	76.65
50	5804710.54	6423593.95	76.67
51	5804710.42	6423596.85	76.68
53	5804707.99	6423609.59	76.57
54	5804707.24	6423612.40	76.58
56	5804694.58	6423626.22	76.52
57	5804693.74	6423628.89	76.52
60	5804693.14	6423630.85	76.55
61	5804692.29	6423633.53	76.53
122	5804614.71	6423577.96	77.44
123	5804615.09	6423574.66	77.40
138	5804623.31	6423558.68	77.38
139	5804622.90	6423555.67	77.33
140	5804620.95	6423541.07	77.44
141	5804620.52	6423537.61	77.38
156	5804605.80	6423531.04	77.26
157	5804603.01	6423531.70	77.36
174	5804570.43	6423631.00	78.50
175	5804572.74	6423627.92	78.49
202	5804538.36	6423627.04	78.43
205	5804537.83	6423623.09	78.44
222	5804546.04	6423586.46	78.30
223	5804545.65	6423583.09	78.27
227	5804516.16	6423637.65	78.23
228	5804512.70	6423638.04	78.26
234	5804496.65	6423613.95	78.07
235	5804496.05	6423611.06	78.11
237	5804481.40	6423605.86	77.89
238	5804480.88	6423603.65	77.98
261	5804426.47	6423537.44	77.43
262	5804427.72	6423541.31	77.55
270	5804429.13	6423558.33	77.72
271	5804429.69	6423561.18	77.67
283	5804430.87	6423573.19	77.77
284	5804431.61	6423576.47	77.81
285	5804432.54	6423580.49	77.82
310	5804386.31	6423558.29	77.70
311	5804387.04	6423561.40	77.91
315	5804387.85	6423565.14	77.90
316	5804388.57	6423568.10	77.81
320	5804389.41	6423571.84	77.97
321	5804390.18	6423574.68	78.06
334	5804393.41	6423588.52	78.08
335	5804394.21	6423592.10	78.06
338	5804394.81	6423594.64	78.09
339	5804395.73	6423598.87	78.07
346	5804484.69	6423642.46	78.07
347	5804481.56	6423642.89	78.05
348	5804481.13	6423642.92	78.02
349	5804478.28	6423643.32	77.98
356	5804475.53	6423651.76	78.22
357	5804472.35	6423652.19	78.21
366	5804467.75	6423652.77	78.21
367	5804463.79	6423653.32	78.25
370	5804467.38	6423644.85	78.04
371	5804464.01	6423645.30	78.11
374	5804446.30	6423655.85	78.33
375	5804443.57	6423656.24	78.34
376	5804439.36	6423656.77	78.33
377	5804436.75	6423657.13	78.42
385	5804432.40	6423657.71	78.36
386	5804429.31	6423658.13	78.40
387	5804428.37	6423658.28	78.49
388	5804425.25	6423658.73	78.51
393	5804420.45	6423659.38	78.41
394	5804417.57	6423659.85	78.45
395	5804416.60	6423659.96	78.42
396	5804413.98	6423660.30	78.43
8	5804703.31	6423536.44	76.39
9	5804703.30	6423537.68	76.37
20	5804586.44	6423437.28	76.94
21	5804585.85	6423436.62	76.93
24	5804578.16	6423427.86	76.98
25	5804577.47	6423427.06	76.97
26	5804575.45	6423424.74	76.97
27	5804574.88	6423424.08	76.98
58	5804693.59	6423629.45	76.56
59	5804693.27	6423630.41	76.58
62	5804689.78	6423641.76	76.54
63	5804689.52	6423642.70	76.53
141	5804620.52	6423537.61	77.38
142	5804620.39	6423536.57	77.39
175	5804572.74	6423627.92	78.49
176	5804573.43	6423627.05	78.49
235	5804496.05	6423611.06	78.11
236	5804495.82	6423610.00	78.11
285	5804432.54	6423580.49	77.82
286	5804432.80	6423581.63	77.84
311	5804387.04	6423561.40	77.91
312	5804387.11	6423562.24	77.76
316	5804388.57	6423568.10	77.81
317	5804388.86	6423569.01	77.82
321	5804390.18	6423574.68	78.06
322	5804390.49	6423575.77	78.02
326	5804385.36	6423576.50	77.95
327	5804386.21	6423579.90	78.03
350	5804476.74	6423643.54	78.11
351	5804475.86	6423643.65	78.12
355	5804476.79	6423651.55	78.26
356	5804475.53	6423651.76	78.22
358	5804472.97	6423643.99	78.10
359	5804472.03	6423644.14	78.14
365	5804469.34	6423652.61	78.22
366	5804467.75	6423652.77	78.21
372	5804463.09	6423645.38	78.18
373	5804461.78	6423645.55	78.22
383	5804434.42	6423657.46	78.36
384	5804433.02	6423657.61	78.42
389	5804424.08	6423658.93	78.48
390	5804424.15	6423660.06	78.50
391	5804422.42	6423660.64	78.73
392	5804421.93	6423659.27	78.51
397	5804411.87	6423660.60	78.51
398	5804410.77	6423660.71	78.52
13	5804703.10	6423545.36	76.31
14	5804703.14	6423546.14	76.39
56	5804694.58	6423626.22	76.52
57	5804693.74	6423628.89	76.52
58	5804693.59	6423629.45	76.56
59	5804693.27	6423630.41	76.58
60	5804693.14	6423630.85	76.55
62	5804689.78	6423641.76	76.54
89	5804594.20	6423639.52	78.44
90	5804594.53	6423638.09	78.60
91	5804603.54	6423640.98	78.71
92	5804607.27	6423645.27	78.63
96	5804602.69	6423627.32	78.58
102	5804609.41	6423623.20	78.56
105	5804610.39	6423620.18	78.50
106	5804605.73	6423626.95	78.45
107	5804610.21	6423622.44	78.86
115	5804611.10	6423613.93	78.33
123	5804615.09	6423574.66	77.40
154	5804607.96	6423530.10	77.41
155	5804608.39	6423529.96	77.24
173	5804570.07	6423631.32	78.47
174	5804570.43	6423631.00	78.50
227	5804516.16	6423637.65	78.23
238	5804480.88	6423603.65	77.98
260	5804426.37	6423536.82	77.45
261	5804426.47	6423537.44	77.43
262	5804427.72	6423541.31	77.55
263	5804423.52	6423541.41	77.42
269	5804427.13	6423556.91	77.62
270	5804429.13	6423558.33	77.72
271	5804429.69	6423561.18	77.67
272	5804428.49	6423562.95	77.68
282	5804430.05	6423569.80	77.81
283	5804430.87	6423573.19	77.77
312	5804387.11	6423562.24	77.76
315	5804387.85	6423565.14	77.90
317	5804388.86	6423569.01	77.82
320	5804389.41	6423571.84	77.97
335	5804394.21	6423592.10	78.06
338	5804394.81	6423594.64	78.09
345	5804485.12	6423642.41	78.14
346	5804484.69	6423642.46	78.07
347	5804481.56	6423642.89	78.05
348	5804481.13	6423642.92	78.02
349	5804478.28	6423643.32	77.98
350	5804476.74	6423643.54	78.11
351	5804475.86	6423643.65	78.12
357	5804472.35	6423652.19	78.21
358	5804472.97	6423643.99	78.10
359	5804472.03	6423644.14	78.14
360	5804471.59	6423644.18	78.01
363	5804468.73	6423644.62	78.01
365	5804469.34	6423652.61	78.22
367	5804463.79	6423653.32	78.25
369	5804467.81	6423644.76	78.11
370	5804467.38	6423644.85	78.04
371	5804464.01	6423645.30	78.11
372	5804463.09	6423645.38	78.18
373	5804461.78	6423645.55	78.22
375	5804443.57	6423656.24	78.34
377	5804436.75	6423657.13	78.42
383	5804434.42	6423657.46	78.36
384	5804433.02	6423657.61	78.42
385	5804432.40	6423657.71	78.36
386	5804429.31	6423658.13	78.40
387	5804428.37	6423658.28	78.49
388	5804425.25	6423658.73	78.51
389	5804424.08	6423658.93	78.48
390	5804424.15	6423660.06	78.50
391	5804422.42	6423660.64	78.73
392	5804421.93	6423659.27	78.51
393	5804420.45	6423659.38	78.41
394	5804417.57	6423659.85	78.45
395	5804416.60	6423659.96	78.42
396	5804413.98	6423660.30	78.43
397	5804411.87	6423660.60	78.51
398	5804410.77	6423660.71	78.52
399	5804410.16	6423660.80	78.61

chodnik
Nr	X	Y	Z	Hg	Hd
28	5804565.91	6423413.86	76.88
29	5804565.69	6423414.02	76.88
30	5804563.74	6423411.77	76.88
31	5804563.97	6423411.62	76.88
32	5804534.52	6423375.51	76.56
33	5804534.00	6423375.93	76.48
34	5804533.22	6423374.95	76.59
35	5804533.68	6423374.54	76.53
37	5804530.59	6423370.52	76.63
38	5804530.11	6423370.84	76.59
39	5804528.13	6423368.25	76.59
40	5804528.43	6423367.81	76.65
77	5804614.43	6423644.45	78.58
78	5804612.82	6423644.19	78.42
87	5804587.47	6423635.25	78.53
88	5804587.74	6423637.25	78.58
90	5804594.53	6423638.09	78.60
93	5804588.46	6423631.09	78.53
94	5804588.28	6423629.03	78.55
95	5804603.00	6423629.25	78.40
96	5804602.69	6423627.32	78.58
100	5804610.70	6423624.65	78.38
102	5804609.41	6423623.20	78.56
104	5804611.95	6423620.33	78.42
105	5804610.39	6423620.18	78.50
107	5804610.21	6423622.44	78.86
108	5804615.61	6423618.87	78.26
109	5804617.53	6423617.64	78.38
110	5804617.61	6423617.10	78.38
111	5804617.70	6423616.25	78.35
112	5804617.72	6423615.68	78.33
113	5804616.14	6423614.11	78.18
114	5804612.57	6423614.08	78.29
115	5804611.10	6423613.93	78.33
116	5804616.90	6423606.47	78.03
117	5804618.59	6423606.50	78.01
120	5804615.56	6423585.57	77.62
121	5804614.01	6423585.40	77.70
125	5804620.98	6423567.89	77.39
126	5804622.46	6423568.11	77.39
130	5804621.35	6423564.13	77.37
131	5804622.87	6423564.24	77.40
144	5804616.77	6423523.72	77.26
145	5804618.45	6423523.52	77.44
173	5804570.07	6423631.32	78.47
177	5804570.84	6423631.27	78.49
178	5804574.11	6423626.94	78.46
179	5804573.02	6423618.14	78.47
180	5804572.89	6423618.17	78.48
181	5804572.42	6423618.24	78.49
184	5804571.22	6423608.14	78.56
185	5804571.78	6423608.00	78.53
186	5804571.26	6423604.13	78.56
187	5804570.62	6423604.24	78.57
188	5804569.74	6423597.14	78.60
189	5804570.73	6423597.02	78.58
190	5804569.98	6423590.54	78.52
191	5804569.02	6423590.69	78.58
198	5804538.65	6423629.81	78.43
199	5804539.12	6423629.73	78.41
200	5804539.00	6423628.76	78.42
201	5804538.51	6423628.80	78.44
202	5804538.36	6423627.04	78.43
203	5804538.78	6423626.94	78.41
204	5804538.29	6423623.04	78.45
206	5804538.64	6423622.96	78.42
208	5804537.62	6423615.90	78.48
209	5804536.85	6423616.05	78.51
211	5804535.88	6423608.72	78.42
212	5804536.13	6423608.67	78.40
213	5804535.32	6423601.79	78.32
230	5804512.54	6423644.65	78.23
231	5804512.92	6423646.61	78.33
248	5804471.53	6423562.75	77.92
249	5804471.97	6423562.61	77.91
250	5804471.30	6423560.07	77.88
251	5804473.68	6423559.44	77.81
252	5804470.17	6423557.12	77.72
253	5804469.90	6423556.20	77.72
254	5804472.59	6423555.50	77.68
255	5804472.79	6423556.38	77.69
256	5804469.24	6423553.32	77.67
257	5804471.77	6423552.64	77.63
258	5804466.06	6423539.95	77.55
259	5804468.59	6423539.25	77.57
280	5804424.99	6423570.82	77.75
281	5804429.46	6423569.93	77.78
282	5804430.05	6423569.80	77.81
283	5804430.87	6423573.19	77.77
284	5804431.61	6423576.47	77.81
285	5804432.54	6423580.49	77.82
286	5804432.80	6423581.63	77.84
289	5804426.63	6423577.70	77.80
290	5804429.74	6423591.16	77.85
293	5804436.82	6423598.99	77.90
297	5804439.18	6423600.39	77.93
325	5804383.73	6423569.76	77.81
326	5804385.36	6423576.50	77.95
327	5804386.21	6423579.90	78.03
329	5804387.38	6423586.56	77.99
330	5804388.33	6423590.72	78.08
331	5804388.64	6423590.64	78.09
354	5804476.66	6423650.12	78.17
355	5804476.79	6423651.55	78.26
356	5804475.53	6423651.76	78.22
357	5804472.35	6423652.19	78.21
360	5804471.59	6423644.18	78.01
361	5804471.64	6423645.71	78.12
362	5804468.91	6423646.08	78.12
363	5804468.73	6423644.62	78.01
365	5804469.34	6423652.61	78.22
366	5804467.75	6423652.77	78.21
367	5804463.79	6423653.32	78.25
368	5804468.08	6423646.23	78.08
369	5804467.81	6423644.76	78.11
370	5804467.38	6423644.85	78.04
371	5804464.01	6423645.30	78.11
372	5804463.09	6423645.38	78.18
373	5804461.78	6423645.55	78.22
378	5804433.01	6423651.08	78.19
379	5804432.82	6423649.72	78.49
401	5804402.29	6423655.33	78.39
402	5804402.06	6423653.78	77.73
414	5804374.77	6423664.20	78.39
415	5804375.03	6423665.82	78.48

drzewo liœciaste
Nr	X	Y	Z	Hg	Hd
232	5804487.85	6423631.22	78.22
233	5804485.88	6423621.94	78.13
304	5804446.91	6423609.45	77.76
305	5804447.39	6423611.30	77.92
306	5804447.96	6423612.71	77.91

hydrant
Nr	X	Y	Z	Hg	Hd	szkic
172	5804573.78	6423627.04	78.49	78.49
303	5804434.65	6423611.14	77.87	77.87
344	5804395.66	6423611.27	78.11	78.11

kratka œciekowa
Nr	X	Y	Z	Hg	Hd	szkic
74	5804615.66	6423632.02			2
75	5804615.40	6423637.37			2
76	5804607.79	6423639.20			2

jezdnia
Nr	X	Y	Z	Hg	Hd
43	5804593.94	6423316.06	76.18
44	5804594.47	6423315.42	76.17
45	5804599.32	6423319.21	76.33
46	5804598.95	6423319.74	76.32
47	5804598.21	6423319.29	76.25
48	5804595.08	6423316.94	76.23
49	5804594.27	6423316.34	76.21
118	5804617.69	6423598.66	77.73
119	5804617.50	6423598.67	77.87
124	5804620.74	6423567.89	77.40
129	5804621.13	6423564.11	77.39
133	5804621.33	6423558.63	77.35
136	5804620.86	6423554.22	77.39
143	5804616.56	6423523.77	77.25
144	5804616.77	6423523.72	77.26
149	5804612.06	6423529.46	77.37
150	5804611.55	6423525.49	77.30
151	5804612.25	6423524.55	77.32
156	5804605.80	6423531.04	77.26
160	5804616.83	6423527.19	77.24
180	5804572.89	6423618.17	78.48
181	5804572.42	6423618.24	78.49
182	5804572.13	6423612.19	78.51
183	5804571.63	6423612.24	78.52
194	5804545.86	6423636.38	78.30
195	5804542.89	6423631.27	78.42
196	5804539.36	6423631.66	78.34
197	5804537.56	6423637.43	78.24
213	5804535.32	6423601.79	78.32
214	5804535.02	6423601.79	78.32
215	5804536.76	6423601.54	78.26
216	5804535.44	6423590.97	78.26
217	5804537.34	6423590.72	78.19
218	5804535.99	6423580.93	78.17
219	5804532.40	6423581.47	78.21
220	5804545.54	6423586.78	78.30
221	5804546.09	6423586.68	78.31
224	5804545.62	6423582.89	78.27
225	5804545.08	6423582.94	78.27
226	5804516.60	6423640.03	78.13
227	5804516.16	6423637.65	78.23
228	5804512.70	6423638.04	78.26
229	5804512.74	6423640.54	78.14
251	5804473.68	6423559.44	77.81
254	5804472.59	6423555.50	77.68
255	5804472.79	6423556.38	77.69
257	5804471.77	6423552.64	77.63
259	5804468.59	6423539.25	77.57
265	5804422.72	6423540.54	77.32
266	5804418.76	6423541.46	77.38
269	5804427.13	6423556.91	77.62
271	5804429.69	6423561.18	77.67
272	5804428.49	6423562.95	77.68
298	5804442.96	6423602.71	77.85
299	5804446.24	6423616.65	77.94
309	5804385.83	6423558.19	77.61
310	5804386.31	6423558.29	77.70
311	5804387.04	6423561.40	77.91
312	5804387.11	6423562.24	77.76
313	5804386.77	6423562.43	77.72
314	5804387.41	6423565.16	77.74
315	5804387.85	6423565.14	77.90
316	5804388.57	6423568.10	77.81
317	5804388.86	6423569.01	77.82
318	5804388.40	6423569.29	77.72
319	5804388.96	6423571.89	77.85
320	5804389.41	6423571.84	77.97
321	5804390.18	6423574.68	78.06
322	5804390.49	6423575.77	78.02
323	5804389.93	6423576.01	77.91
333	5804392.85	6423588.72	77.96
334	5804393.41	6423588.52	78.08
335	5804394.21	6423592.10	78.06
336	5804393.67	6423592.29	77.97
337	5804394.23	6423594.78	77.97
338	5804394.81	6423594.64	78.09
339	5804395.73	6423598.87	78.07
340	5804395.17	6423598.98	78.00
416	5804369.57	6423664.98	78.31
417	5804369.78	6423666.55	78.43
418	5804364.80	6423667.21	78.41
419	5804364.56	6423665.63	78.31

Trawnik
Nr	X	Y	Z	Hg	Hd
312	5804387.11	6423562.24	77.76
313	5804386.77	6423562.43	77.72
314	5804387.41	6423565.16	77.74
315	5804387.85	6423565.14	77.90
317	5804388.86	6423569.01	77.82
318	5804388.40	6423569.29	77.72
319	5804388.96	6423571.89	77.85
320	5804389.41	6423571.84	77.97
322	5804390.49	6423575.77	78.02
323	5804389.93	6423576.01	77.91
333	5804392.85	6423588.72	77.96
334	5804393.41	6423588.52	78.08
335	5804394.21	6423592.10	78.06
336	5804393.67	6423592.29	77.97
337	5804394.23	6423594.78	77.97
338	5804394.81	6423594.64	78.09
378	5804433.01	6423651.08	78.19
379	5804432.82	6423649.72	78.49
401	5804402.29	6423655.33	78.39
402	5804402.06	6423653.78	77.73
414	5804374.77	6423664.20	78.39
415	5804375.03	6423665.82	78.48
416	5804369.57	6423664.98	78.31
417	5804369.78	6423666.55	78.43


zakrzewienia
Nr	X	Y	Z	Hg	Hd
16	5804594.70	6423466.75	77.19
17	5804595.14	6423465.94	77.18
18	5804574.36	6423437.02	77.04
41	5804513.63	6423359.42	76.25
42	5804511.57	6423360.42	76.36
244	5804474.54	6423575.79	77.96
245	5804475.62	6423575.46	77.96
246	5804475.31	6423573.46	77.79
247	5804474.10	6423573.74	77.70

zakrzewienia
Nr	X	Y	Z	Hg	Hd
64	5804694.15	6423652.57	76.36	76.36
65	5804694.67	6423653.58	76.36	76.36
66	5804705.18	6423655.36	76.60	76.60
67	5804709.28	6423656.36	76.67	76.67
68	5804710.81	6423656.77	76.72	76.72
69	5804711.08	6423656.85	76.72	76.72
161	5804621.57	6423553.44	77.39	77.39
163	5804620.68	6423574.15	77.46	77.46
164	5804619.83	6423580.99	77.50	77.50
165	5804619.81	6423585.81	77.51	77.51
166	5804620.17	6423585.83	77.49	77.49
167	5804618.90	6423587.71	77.69	77.69
168	5804618.34	6423599.56	77.82	77.82
169	5804618.05	6423601.50	77.91	77.91
170	5804615.97	6423619.19	78.30	78.30
171	5804574.27	6423626.94	78.47	78.47
192	5804567.39	6423635.99	78.42	78.42
193	5804561.33	6423636.62	78.38	78.38
207	5804538.00	6423619.64	78.49	78.49
210	5804536.44	6423607.95	78.39	78.39
239	5804480.70	6423597.03	77.99	77.99
240	5804477.30	6423583.22	78.00	78.00
241	5804475.74	6423576.46	77.97	77.97
242	5804472.60	6423563.01	77.91	77.91
243	5804472.07	6423561.04	77.88	77.88
268	5804422.45	6423553.49	77.51	77.51
273	5804423.33	6423557.36	77.62	77.62
279	5804425.30	6423566.00	77.68	77.68
287	5804428.43	6423579.21	77.68	77.68
288	5804429.60	6423584.23	77.72	77.72
291	5804431.88	6423593.53	77.77	77.77
292	5804432.90	6423598.73	77.77	77.77
301	5804434.78	6423607.25	77.80	77.80
302	5804435.25	6423610.82	77.83	77.83
307	5804383.33	6423563.60	77.77	77.77
308	5804384.13	6423567.09	77.79	77.79
324	5804386.72	6423576.94	77.98	77.98
328	5804387.80	6423582.13	77.96	77.96
332	5804389.89	6423590.34	78.05	78.05
341	5804392.80	6423604.34	78.12	78.12
342	5804394.15	6423609.54	78.12	78.12
343	5804395.38	6423611.44	78.14	78.14
352	5804475.06	6423645.36	78.14	78.14
353	5804474.60	6423645.41	78.12	78.12
364	5804469.60	6423645.86	78.17	78.17
380	5804433.98	6423651.57	78.26	78.26
381	5804432.76	6423651.71	78.26	78.26
382	5804432.15	6423651.88	78.26	78.26

zasuwa
Nr	X	Y	Z	Hg	Hd	szkic
400	5804411.99	6423654.71	78.37
403	5804401.15	6423656.38	78.25
404	5804403.22	6423656.11	78.38
405	5804407.58	6423655.39	78.43
406	5804398.54	6423656.73	78.40
407	5804393.35	6423657.35	78.38
408	5804391.63	6423657.69	78.38
409	5804384.36	6423658.62	78.34
410	5804378.29	6423659.38	78.34
411	5804377.27	6423659.33	78.37
412	5804372.29	6423660.22	78.36
413	5804371.73	6423660.28	78.36
