1 5881210.371 5473016.242 85.006 
2 5881210.710 5473018.682 85.014 
3 5881207.731 5473019.139 84.987 
4 5881207.399 5473016.645 84.980 
5 5881157.701 5473260.837 83.129 
6 5881160.641 5473260.377 83.129 
7 5881160.272 5473257.934 83.158 
8 5881157.387 5473258.409 83.159 
9 5880875.280 5473536.693 85.941 
10 5880875.755 5473539.124 85.932 
11 5880872.818 5473539.705 85.956 
12 5880872.357 5473537.246 85.950 
RP78.60 5882911.916 5473372.015 78.818 
E1 5882840.396 5473380.852 77.652 
E2 5882840.835 5473381.027 77.418 
E3 5882853.685 5473375.255 78.222 
E4 5882875.196 5473364.821 79.005 
E5 5882888.682 5473358.747 78.914 
E6 5882890.709 5473357.151 78.825 
E7 5882902.863 5473351.918 78.893 
E8 5882920.659 5473338.295 79.105 
E9 5882922.241 5473341.261 78.041 