DZIENNIK Z POMIARÓW GPS-RTN
Uk³ad wspó³rzêdnych p³askich 2000 strefa-5
Model elipsoidy: WGS 1984

Pó³oœ elipsoidy: 6378137.000

Sp³aszczenie elipsoidy: 0.00335281066474748

Typ odwzorowania: Gausa-Krügera

Y punktu g³ównego: 5 500 000.000

X punktu g³ównego: 0.000

Punkt g³ówny (d³ugoœæ): 15°00'00.0000

Punkt g³ówny (szerokoœæ): 0°00'00.0000

Szerokoœæ strefy: 3°00'00''

Skala: 0.999923

Data:2020-10-30


Wykaz wspó³rzêdnych pomierzonych metod¹ RTN w systemie ASG Eupos w us³udze NAWGEO
                
Nazwa X Y H Hell mp mh PDOP GPS GLO Epok Data Metoda Tyczka Dx Dy Dh
Nowa stacja referencyjna: X= 5923719.14 Y= 5482814.42 H= 3.12
520018_2_5031p 5923717.11 5482807.22 3.10 38.68 0.001 0.002 1.442 7 6 30 2020-10-30 fix-rtn 2.00 -2.03 -7.20 -0.02
Nowa stacja referencyjna: X= 5923099.78 Y= 5482604.78 H= 5.42
520018_2_5032p 5923076.11 5482576.35 5.09 40.68 0.002 0.003 1.894 7 5 30 2020-10-30 fix-rtn 2.00 -23.67 -28.43 -0.33
Nowa stacja referencyjna: X= 5923666.56 Y= 5483092.90 H= 0.03
520018_1_1117p 5923640.34 5483065.54 0.00 35.58 0.002 0.004 1.782 7 6 30 2020-10-30 fix-rtn 2.00 -26.22 -27.36 -0.03
Nowa stacja referencyjna: X= 5923384.16 Y= 5484038.23 H= 0.29
520019_1_1012p 5923377.17 5484037.17 0.00 35.56 0.001 0.003 1.395 8 6 30 2020-10-30 fix-rtn 2.00 -6.99 -1.06 -0.29
Nowa stacja referencyjna: X= 5923521.74 Y= 5483980.99 H= 7.57
n1 5923515.77 5483956.07 7.53 43.09 0.002 0.004 1.798 6 5 6 2020-10-30 fix-rtn 2.00 -5.97 -24.92 -0.04
n2 5923500.02 5483960.96 8.01 43.57 0.001 0.001 1.174 8 7 6 2020-10-30 fix-rtn 2.00 -21.72 -20.03 0.44
n3 5923483.33 5483966.90 7.88 43.44 0.001 0.002 1.023 9 7 6 2020-10-30 fix-rtn 2.00 -38.41 -14.09 0.31
n4 5923468.81 5483975.73 8.03 43.59 0.003 0.005 1.921 5 5 6 2020-10-30 fix-rtn 2.00 -52.93 -5.26 0.46
n5 5923456.12 5483981.45 8.02 43.58 0.002 0.002 1.305 8 7 6 2020-10-30 fix-rtn 2.00 -65.62 0.46 0.45
n6 5923440.48 5483988.34 8.01 43.57 0.004 0.005 2.019 5 5 6 2020-10-30 fix-rtn 2.00 -81.26 7.35 0.44
n7 5923419.86 5483995.50 7.98 43.54 0.001 0.001 1.165 8 7 6 2020-10-30 fix-rtn 2.00 -101.88 14.51 0.41
n8 5923396.46 5484006.82 8.07 43.63 0.002 0.003 1.575 8 6 6 2020-10-30 fix-rtn 2.00 -125.28 25.83 0.50
n9 5923384.88 5484014.48 8.23 43.79 0.003 0.005 1.907 6 4 6 2020-10-30 fix-rtn 2.00 -136.86 33.49 0.66
n10 5923365.31 5484022.59 8.25 43.81 0.003 0.004 1.803 7 6 6 2020-10-30 fix-rtn 2.00 -156.43 41.60 0.68
n11 5923350.51 5484026.43 8.56 44.12 0.001 0.002 1.527 8 6 6 2020-10-30 fix-rtn 2.00 -171.23 45.44 0.99
n12 5923361.02 5483999.80 8.25 43.81 0.003 0.005 2.058 5 4 6 2020-10-30 fix-rtn 2.00 -160.72 18.81 0.68
n13 5923384.31 5483986.49 7.94 43.50 0.004 0.005 1.945 6 5 6 2020-10-30 fix-rtn 2.00 -137.43 5.50 0.37
n14 5923418.46 5483970.55 7.72 43.28 0.001 0.001 1.245 9 7 6 2020-10-30 fix-rtn 2.00 -103.28 -10.44 0.15
n15 5923438.08 5483963.44 7.83 43.39 0.003 0.004 1.843 7 6 6 2020-10-30 fix-rtn 2.00 -83.66 -17.55 0.26
n16 5923462.16 5483952.20 7.75 43.31 0.002 0.004 1.781 6 5 6 2020-10-30 fix-rtn 2.00 -59.58 -28.79 0.18
n17 5923481.27 5483948.00 7.81 43.37 0.001 0.002 1.091 9 8 6 2020-10-30 fix-rtn 2.00 -40.47 -32.99 0.24
n18 5923498.96 5483942.00 7.72 43.28 0.003 0.004 1.689 6 6 6 2020-10-30 fix-rtn 2.00 -22.78 -38.99 0.15
n19 5923516.75 5483937.99 7.80 43.36 0.001 0.002 1.230 8 8 6 2020-10-30 fix-rtn 2.00 -4.99 -43.00 0.23
n20 5923532.54 5483916.08 7.79 43.35 0.002 0.003 1.417 8 6 6 2020-10-30 fix-rtn 2.00 10.80 -64.91 0.22
n21 5923515.58 5483917.03 7.49 43.05 0.003 0.005 1.923 5 4 6 2020-10-30 fix-rtn 2.00 -6.16 -63.96 -0.08
n22 5923496.72 5483920.10 7.54 43.10 0.001 0.002 1.089 8 7 6 2020-10-30 fix-rtn 2.00 -25.02 -60.89 -0.03
n23 5923479.81 5483922.05 7.60 43.16 0.002 0.003 1.486 7 7 6 2020-10-30 fix-rtn 2.00 -41.93 -58.94 0.03
n24 5923459.02 5483926.22 7.68 43.24 0.003 0.003 1.783 6 6 6 2020-10-30 fix-rtn 2.00 -62.72 -54.77 0.11
n25 5923434.52 5483935.61 7.73 43.29 0.003 0.003 1.825 6 6 6 2020-10-30 fix-rtn 2.00 -87.22 -45.38 0.16
n26 5923415.83 5483941.66 7.76 43.32 0.003 0.004 1.802 7 6 6 2020-10-30 fix-rtn 2.00 -105.91 -39.33 0.19
n27 5923390.50 5483954.10 8.05 43.61 0.003 0.004 1.823 7 5 6 2020-10-30 fix-rtn 2.00 -131.24 -26.89 0.48
n28 5923370.65 5483957.22 8.42 43.98 0.001 0.002 1.067 9 7 6 2020-10-30 fix-rtn 2.00 -151.09 -23.77 0.85
n29 5923378.12 5483929.76 8.34 43.90 0.001 0.003 1.535 8 6 6 2020-10-30 fix-rtn 2.00 -143.62 -51.23 0.77
n30 5923397.85 5483924.65 7.98 43.54 0.001 0.002 1.003 8 8 6 2020-10-30 fix-rtn 2.00 -123.89 -56.34 0.41
n31 5923417.48 5483917.54 7.75 43.31 0.001 0.001 1.220 8 8 6 2020-10-30 fix-rtn 2.00 -104.26 -63.45 0.18
n32 5923436.17 5483911.48 7.74 43.30 0.001 0.002 1.174 9 8 6 2020-10-30 fix-rtn 2.00 -85.57 -69.51 0.17
n33 5923458.73 5483903.21 7.67 43.23 0.003 0.004 1.701 7 5 6 2020-10-30 fix-rtn 2.00 -63.01 -77.78 0.10
n34 5923479.41 5483897.04 7.50 43.06 0.002 0.003 1.488 7 7 6 2020-10-30 fix-rtn 2.00 -42.33 -83.95 -0.07
n35 5923499.20 5483892.92 7.60 43.16 0.002 0.002 1.524 8 7 6 2020-10-30 fix-rtn 2.00 -22.54 -88.07 0.03
n36 5923517.17 5483891.91 7.36 42.92 0.004 0.005 1.928 6 4 6 2020-10-30 fix-rtn 2.00 -4.57 -89.08 -0.21
n37 5923537.07 5483889.80 7.42 42.98 0.004 0.004 2.014 6 4 6 2020-10-30 fix-rtn 2.00 15.33 -91.19 -0.15
n38 5923539.22 5483856.63 7.34 42.90 0.003 0.004 1.898 6 6 6 2020-10-30 fix-rtn 2.00 17.48 -124.36 -0.23
n39 5923515.26 5483857.98 7.23 42.79 0.002 0.003 1.329 8 7 6 2020-10-30 fix-rtn 2.00 -6.48 -123.01 -0.34
n40 5923495.47 5483862.10 7.27 42.83 0.001 0.002 1.312 8 6 6 2020-10-30 fix-rtn 2.00 -26.27 -118.89 -0.30
n41 5923473.62 5483865.33 7.38 42.94 0.001 0.002 1.006 8 8 6 2020-10-30 fix-rtn 2.00 -48.12 -115.66 -0.19
n42 5923452.00 5483872.55 7.48 43.04 0.003 0.003 1.893 6 5 6 2020-10-30 fix-rtn 2.00 -69.74 -108.44 -0.09
n43 5923433.32 5483878.60 7.58 43.14 0.001 0.001 1.190 8 8 6 2020-10-30 fix-rtn 2.00 -88.42 -102.39 0.01
n44 5923415.69 5483885.60 7.72 43.28 0.001 0.002 1.214 8 8 6 2020-10-30 fix-rtn 2.00 -106.05 -95.39 0.15
n45 5923396.06 5483892.71 7.88 43.44 0.003 0.004 2.042 6 4 6 2020-10-30 fix-rtn 2.00 -125.68 -88.28 0.31
n46 5923399.31 5483861.49 7.67 43.23 0.001 0.002 1.005 9 7 6 2020-10-30 fix-rtn 2.00 -122.43 -119.50 0.10
n47 5923427.76 5483850.88 7.42 42.98 0.001 0.003 1.539 7 7 6 2020-10-30 fix-rtn 2.00 -93.98 -130.11 -0.15
n48 5923446.44 5483844.83 7.35 42.91 0.002 0.003 1.464 8 7 6 2020-10-30 fix-rtn 2.00 -75.30 -136.16 -0.22
n49 5923467.29 5483841.64 7.27 42.83 0.003 0.004 1.816 7 5 6 2020-10-30 fix-rtn 2.00 -54.45 -139.35 -0.30
n50 5923491.96 5483835.25 7.23 42.79 0.002 0.002 1.515 8 7 6 2020-10-30 fix-rtn 2.00 -29.78 -145.74 -0.34
n51 5923514.86 5483832.96 7.27 42.83 0.004 0.004 1.906 6 5 6 2020-10-30 fix-rtn 2.00 -6.88 -148.03 -0.30
n52 5923530.71 5483830.07 7.30 42.86 0.004 0.005 2.037 5 5 6 2020-10-30 fix-rtn 2.00 8.97 -150.92 -0.27
n53 5923527.04 5483800.24 7.19 42.75 0.001 0.001 1.254 9 8 6 2020-10-30 fix-rtn 2.00 5.30 -180.75 -0.38
n54 5923510.01 5483800.20 7.10 42.66 0.001 0.001 1.144 9 7 6 2020-10-30 fix-rtn 2.00 -11.73 -180.79 -0.47
n55 5923488.22 5483804.42 7.12 42.68 0.002 0.003 1.314 8 7 6 2020-10-30 fix-rtn 2.00 -33.52 -176.57 -0.45
n56 5923468.82 5483815.53 7.24 42.80 0.001 0.001 1.181 9 7 6 2020-10-30 fix-rtn 2.00 -52.92 -165.46 -0.33
n57 5923446.26 5483823.80 7.25 42.81 0.002 0.003 1.405 7 7 6 2020-10-30 fix-rtn 2.00 -75.48 -157.19 -0.32
n58 5923411.77 5483833.75 7.81 43.37 0.001 0.002 1.255 9 8 6 2020-10-30 fix-rtn 2.00 -109.97 -147.24 0.24
n59 5923428.35 5483825.81 7.31 42.87 0.003 0.003 1.686 6 6 6 2020-10-30 fix-rtn 2.00 -93.39 -155.18 -0.26
n60 5923448.24 5483805.67 7.23 42.79 0.001 0.003 1.326 7 6 6 2020-10-30 fix-rtn 2.00 -73.50 -175.32 -0.34
n61 5923479.51 5483791.90 7.14 42.70 0.001 0.002 1.162 8 8 6 2020-10-30 fix-rtn 2.00 -42.23 -189.09 -0.43
n62 5923502.68 5483776.58 7.09 42.65 0.001 0.003 1.472 7 7 6 2020-10-30 fix-rtn 2.00 -19.06 -204.41 -0.48
n63 5923526.69 5483954.46 7.83 43.39 0.002 0.003 1.644 6 6 6 2020-10-30 fix-rtn 2.00 4.95 -26.53 0.26
n64 5923524.69 5483954.57 7.22 42.78 0.003 0.003 1.867 7 6 6 2020-10-30 fix-rtn 2.00 2.95 -26.42 -0.35
n65 5923522.64 5483953.68 7.51 43.07 0.001 0.001 1.246 9 8 6 2020-10-30 fix-rtn 2.00 0.90 -27.31 -0.06
n66 5923530.01 5483942.26 7.08 42.64 0.003 0.005 1.997 6 4 6 2020-10-30 fix-rtn 2.00 8.27 -38.73 -0.49
n67 5923532.00 5483942.14 7.71 43.27 0.002 0.002 1.583 8 7 6 2020-10-30 fix-rtn 2.00 10.26 -38.85 0.14
n68 5923528.84 5483939.32 7.88 43.44 0.001 0.002 1.316 7 6 6 2020-10-30 fix-rtn 2.00 7.10 -41.67 0.31
n69 5923548.56 5483898.16 7.11 42.67 0.001 0.002 1.227 9 8 6 2020-10-30 fix-rtn 2.00 26.82 -82.83 -0.46
n70 5923550.61 5483899.05 7.82 43.38 0.001 0.002 1.155 9 8 6 2020-10-30 fix-rtn 2.00 28.87 -81.94 0.25
n71 5923546.56 5483898.27 7.57 43.13 0.003 0.004 1.989 6 5 6 2020-10-30 fix-rtn 2.00 24.82 -82.72 -0.00


Porównanie wspó³rzêdnych punktów pomierzonych z katalogowymi
								
Nazwa	X'2000	Y'2000	K86	dX[m]	dY[m]	dl[m]	dH[m]	Odl. œr.
od ob. [km]
520018_2_5031	5923717.13	5482807.24	3.15	0.02	0.02	0.03	0.05	1.19
520018_2_5032	5923076.11	5482576.35	5.04	0.00	0.00	0.00	-0.06	1.47
520018_1_1117	5923640.38	5483065.59	0.00	0.04	0.05	0.06	0.00	0.92
520019_1_1012	5923377.15	5484037.11	0.00	-0.02	-0.06	0.06	0.00	0.16
