1	5942777.48	5474557.81	1.02
2	5942777.43	5474558.36	0.67
3	5942777.34	5474558.89	1.12
4	5942777.09	5474560.37	1.13
5	5942779.85	5474552.23	1.02
6	5942780.05	5474551.32	0.40
7	5942780.14	5474550.30	1.04
8	5942780.12	5474548.74	1.06
9	5942796.28	5474554.11	1.07
10	5942794.85	5474559.78	1.06
12	5942797.84	5474552.44	0.95
13	5942799.13	5474551.23	0.97
14	5942793.92	5474560.17	0.66
15	5942796.55	5474553.03	0.47
16	5942793.46	5474560.36	1.14
17	5942791.16	5474561.32	1.06
18	5942819.29	5474556.81	0.97
19	5942819.03	5474562.35	1.08
20	5942819.38	5474555.01	0.95
21	5942818.99	5474563.15	0.54
22	5942818.96	5474563.75	1.06
23	5942818.84	5474566.34	1.05
24	5943235.11	5474599.30	0.81
25	5943234.90	5474600.79	0.78
26	5943234.75	5474601.64	0.36
27	5943234.77	5474602.22	0.67
28	5943233.41	5474608.01	0.97
29	5943233.47	5474608.96	0.48
30	5943233.25	5474610.18	1.15
31	5943233.35	5474612.04	1.12
32	5943271.66	5474617.22	0.96
33	5943271.20	5474614.49	1.05
34	5943266.62	5474612.51	0.67
35	5943267.04	5474611.43	0.98
36	5943266.15	5474606.16	0.86
37	5943266.48	5474605.35	0.40
38	5943266.70	5474604.48	0.78
39	5943266.91	5474600.70	0.77
40	5943280.89	5474615.15	1.03
41	5943281.15	5474614.10	0.41
42	5943281.40	5474613.27	0.98
43	5943290.30	5474615.58	0.87
44	5943289.82	5474616.34	0.49
45	5943288.90	5474617.57	1.08
46	5943292.15	5474627.03	1.14
47	5943293.33	5474626.93	0.56
48	5943294.73	5474626.73	1.10
51	5943291.09	5474629.08	1.25
54	5943302.86	5474626.69	0.90
55	5943301.22	5474618.88	0.78
56	5943298.92	5474618.50	0.79
57	5943298.00	5474618.42	0.35
58	5943297.11	5474618.37	0.64
59	5943287.33	5474617.92	0.11
60	5943296.74	5474614.60	0.84
61	5943297.45	5474615.36	0.17
62	5943298.32	5474616.27	0.72
63	5943295.01	5474607.28	1.06
64	5943295.80	5474606.55	1.06
65	5943304.42	5474615.33	1.13
66	5943304.76	5474612.35	1.13
67	5943304.82	5474611.85	0.63
68	5943304.36	5474615.82	0.63
69	5943304.31	5474616.32	1.13
70	5943304.87	5474611.35	1.13
71	5943304.93	5474610.86	1.13
72	5943304.25	5474616.82	1.13
73	5943284.16	5474606.24	0.38
74	5943283.58	5474605.50	0.88
75	5943284.40	5474598.96	0.92
76	5943285.01	5474598.77	0.29
77	5943285.58	5474598.59	0.98
78	5943292.26	5474596.50	0.98
79	5943293.03	5474596.26	0.49
80	5943293.50	5474596.11	0.88
81	5943294.75	5474595.72	0.88
82	5943282.49	5474599.56	0.92
85	5943500.42	5474632.19	0.54
86	5943499.63	5474635.63	0.67
87	5943500.86	5474630.20	0.44
88	5943500.70	5474630.99	0.24
89	5943501.12	5474629.27	0.54
90	5943499.22	5474637.30	0.67
91	5943506.26	5474633.57	0.54
92	5943499.44	5474636.33	0.37
93	5943505.40	5474637.22	0.67
94	5943505.17	5474638.20	0.67
95	5943504.94	5474639.17	0.67
96	5943506.45	5474632.90	0.24
97	5943506.78	5474631.33	0.54
98	5943504.71	5474640.14	0.67
99	5943517.31	5474634.65	0.54
100	5943515.41	5474642.68	0.67
101	5943517.08	5474635.62	0.54
102	5943516.97	5474636.11	0.24
103	5943517.57	5474637.06	0.32
104	5943516.85	5474636.59	0.54
105	5943515.64	5474641.70	0.67
106	5943515.76	5474641.22	0.17
107	5943515.87	5474640.73	0.67
112	5943160.78	5474136.92	0.55
113	5943160.97	5474136.66	0.12
114	5943161.25	5474136.35	0.48
115	5943157.34	5474126.93	0.51
116	5943158.26	5474126.93	0.43
117	5943159.01	5474126.60	0.71
118	5943157.38	5474127.52	0.70
119	5943157.12	5474126.18	0.77
120	5943155.57	5474121.02	0.50
121	5943156.34	5474120.56	0.04
122	5943157.26	5474120.52	0.56
123	5943140.10	5474126.33	0.80
124	5943140.22	5474125.81	0.49
125	5943140.26	5474125.28	0.73
126	5942639.20	5474113.12	0.23
127	5942640.08	5474112.32	0.14
128	5942641.34	5474111.56	0.78
129	5942649.25	5474124.25	0.33
130	5942629.15	5474101.98	0.31
131	5942630.40	5474100.85	0.69
132	5942650.14	5474123.45	0.13
133	5942650.51	5474123.12	0.63
134	5942646.60	5474103.74	0.64
135	5942650.72	5474110.60	0.67
136	5942645.23	5474109.23	0.58
137	5942650.37	5474106.15	0.63
138	5942654.14	5474108.55	0.58
143	5941814.89	5476543.65	1.67
144	5941815.18	5476543.34	0.97
145	5941815.45	5476543.07	1.57
146	5941796.00	5476520.34	1.62
147	5941796.46	5476519.01	0.98
148	5941797.71	5476519.05	1.55
149	5941795.90	5476517.95	1.64
150	5941813.57	5476507.04	1.53
151	5941813.91	5476507.41	0.96
152	5941814.23	5476507.79	1.66
153	5941777.30	5476529.26	1.55
154	5941777.14	5476528.78	0.93
155	5941776.85	5476528.30	1.64
156	5941706.61	5476552.42	1.34
157	5941708.45	5476554.78	1.36
158	5941707.05	5476562.58	1.56
159	5941707.49	5476563.52	0.97
160	5941707.90	5476564.58	1.56
161	5941727.77	5476542.10	1.47
162	5941729.78	5476544.40	1.62
163	5941740.11	5476545.67	1.68
164	5941740.76	5476547.17	0.98
165	5941741.14	5476549.10	1.68
166	5941742.42	5476584.32	1.25
167	5941740.98	5476585.81	1.29
168	5941719.46	5476557.92	0.94
169	5941718.75	5476556.74	1.24
170	5941720.83	5476558.80	1.37
171	5941719.14	5476559.98	1.37
172	5941720.01	5476559.28	1.01
173	5941659.60	5476616.02	1.07
174	5941660.44	5476615.02	0.63
175	5941661.45	5476613.86	1.01
177	5941647.45	5476595.63	1.11
178	5941644.16	5476596.37	0.98
179	5941666.52	5476582.96	0.63
180	5941665.89	5476581.46	1.17
181	5941666.82	5476584.88	1.09
182	5941630.05	5476598.92	1.07
183	5941631.40	5476602.20	1.06
300	5943177.07	5476277.49	1.44
301	5943176.98	5476276.87	0.74
302	5943177.87	5476275.76	0.95
303	5943178.02	5476275.33	1.17
304	5943193.70	5476274.69	1.39
305	5943195.21	5476277.22	1.47
306	5943199.18	5476283.95	1.27
307	5943199.39	5476284.31	0.81
308	5943199.88	5476285.18	0.86
309	5943200.15	5476285.70	1.29
312	5943164.04	5476302.90	1.41
313	5943163.81	5476302.47	0.84
314	5943163.32	5476301.59	0.92
315	5943163.08	5476301.17	1.43
316	5943155.59	5476296.53	1.60
317	5943154.18	5476294.20	1.52
318	5943154.07	5476288.52	1.39
319	5943153.89	5476287.95	1.01
320	5943153.41	5476287.12	0.83
321	5943153.12	5476286.82	1.49
322	5943139.44	5476293.31	1.53
323	5943139.70	5476293.55	1.04
324	5943139.90	5476294.35	1.07
325	5943140.15	5476294.74	1.47
326	5943143.02	5476299.20	1.53
327	5943144.43	5476301.66	1.59
328	5943150.03	5476307.20	1.50
329	5943149.70	5476307.89	1.04
330	5943150.50	5476308.89	0.96
331	5943150.91	5476309.46	1.41
332	5943145.31	5476303.95	4.08
333	5943165.57	5476295.51	3.55
334	5943200.22	5476278.78	4.80
335	5943198.47	5476269.52	4.41
336	5943160.10	5476287.66	3.83
337	5943133.73	5476300.46	4.40
338	5943051.65	5476347.38	1.64
339	5943036.89	5476343.79	1.62
340	5943036.70	5476343.29	1.01
341	5943036.60	5476342.62	1.12
342	5943036.35	5476342.14	1.42
343	5943051.23	5476354.31	1.54
344	5943051.52	5476354.70	0.96
345	5943052.06	5476355.37	0.85
346	5943052.49	5476355.88	1.54
351	5943000.09	5476359.01	1.69
352	5943000.37	5476359.57	1.03
353	5943000.66	5476360.61	1.01
354	5943000.86	5476361.14	1.68
356	5943001.42	5476369.77	1.71
357	5943010.63	5476373.70	1.48
358	5943010.88	5476374.00	1.07
359	5943011.37	5476374.55	0.89
360	5943011.67	5476374.79	1.50
361	5943046.66	5476352.52	4.62
362	5943044.41	5476344.98	4.63
363	5943005.66	5476361.50	3.77
364	5943006.56	5476370.11	3.74
365	5942993.99	5476377.68	3.54
366	5942989.20	5476369.83	3.76
367	5942938.84	5476478.89	1.94
368	5942939.33	5476478.73	1.64
369	5942939.88	5476478.53	1.89
370	5942939.95	5476486.57	2.14
371	5942943.32	5476483.56	2.11
372	5942944.52	5476502.76	2.10
373	5942945.64	5476502.49	1.98
374	5942946.23	5476502.27	1.60
375	5942946.76	5476501.96	1.96
376	5942949.50	5476500.34	2.13
377	5942956.30	5476498.59	2.16
378	5942949.37	5476518.55	2.13
379	5942950.02	5476518.70	2.11
380	5942951.15	5476518.41	1.75
381	5942951.89	5476517.98	2.10
382	5942955.86	5476517.06	2.14
500	5942997.17	5476700.06	2.37
501	5943002.07	5476698.64	2.09
502	5943002.56	5476698.56	1.64
503	5943003.71	5476698.16	2.18
504	5943005.82	5476697.90	2.24
505	5943008.82	5476697.20	2.28
506	5943009.65	5476696.67	1.76
507	5943010.29	5476696.48	2.27
508	5943014.49	5476695.10	2.21
509	5943021.69	5476723.11	2.23
510	5943018.26	5476725.74	2.18
511	5943017.79	5476725.98	1.82
512	5943017.24	5476726.30	2.16
513	5943014.63	5476727.01	2.21
514	5943011.93	5476727.98	2.23
515	5943011.14	5476728.17	1.83
516	5943010.38	5476728.52	2.12
517	5943005.94	5476729.88	2.21
518	5943014.64	5476757.36	2.22
519	5943018.81	5476756.86	2.06
520	5943019.48	5476756.75	1.68
521	5943020.21	5476756.65	2.25
522	5943022.39	5476756.54	2.18
523	5943025.60	5476755.70	2.27
524	5943026.10	5476755.43	1.79
525	5943026.92	5476755.06	2.19
526	5943032.68	5476753.65	2.26
527	5943049.25	5476886.01	2.05
528	5943054.76	5476883.41	1.96
529	5943055.66	5476883.03	1.60
530	5943056.64	5476883.11	2.01
531	5943058.47	5476882.48	2.06
532	5943061.38	5476881.03	2.08
533	5943062.15	5476880.71	1.67
534	5943063.06	5476881.24	1.91
535	5943069.12	5476879.10	2.07
536	5943079.39	5476912.11	1.96
537	5943073.35	5476916.60	1.82
538	5943072.57	5476916.94	1.56
539	5943071.96	5476917.15	1.77
540	5943069.69	5476917.81	1.97
541	5943066.88	5476918.88	1.81
542	5943066.07	5476918.95	1.49
543	5943065.22	5476919.29	1.85
544	5943058.17	5476922.17	2.00
545	5943067.68	5476950.98	1.93
546	5943073.44	5476948.77	1.83
547	5943074.28	5476948.57	1.35
548	5943075.23	5476948.18	1.70
549	5943077.28	5476947.59	1.89
550	5943080.63	5476946.36	1.95
551	5943081.15	5476946.12	1.48
552	5943081.84	5476946.13	1.76
553	5943090.57	5476943.28	2.04
554	5942771.97	5476494.63	2.07
555	5942754.82	5476497.45	2.07
556	5942754.55	5476496.58	1.37
557	5942754.33	5476496.21	1.29
558	5942753.98	5476495.62	1.99
559	5942749.34	5476487.63	2.31
560	5942748.05	5476484.87	2.39
561	5942746.09	5476480.08	2.14
562	5942746.23	5476480.65	1.74
563	5942747.36	5476480.82	1.61
564	5942749.51	5476480.64	2.09
565	5942747.55	5476477.25	2.22
566	5942743.99	5476468.75	2.28
567	5942750.25	5476489.90	1.80
568	5942813.52	5476477.63	1.98
569	5942810.20	5476471.83	2.11
570	5942809.69	5476470.71	1.43
571	5942809.63	5476469.67	1.44
572	5942809.52	5476468.29	1.86
573	5942808.08	5476463.43	2.07
574	5942807.59	5476462.28	2.14
575	5942805.42	5476457.06	2.27
576	5942804.63	5476454.93	1.93
577	5942805.12	5476453.53	1.46
578	5942804.86	5476452.89	1.52
579	5942804.67	5476452.24	1.95
580	5942802.77	5476444.60	2.08
581	5942807.32	5476449.38	2.21
582	5942803.43	5476457.96	2.22
583	5942798.45	5476460.33	2.22
584	5942792.40	5476449.63	2.29
585	5942797.13	5476447.11	2.24
586	5942796.13	5476459.12	2.08
587	5942795.17	5476458.13	1.39
588	5942794.82	5476457.71	1.48
589	5942793.82	5476456.39	1.95
590	5942795.78	5476457.64	1.27
591	5942806.09	5476452.70	1.40
592	5942831.74	5476431.50	2.24
593	5942834.46	5476437.06	2.17
594	5942835.50	5476438.00	1.97
595	5942835.72	5476438.33	1.52
596	5942835.78	5476438.75	1.53
597	5942836.12	5476439.51	2.03
598	5942837.90	5476443.52	2.11
599	5942839.14	5476446.10	2.11
600	5942840.05	5476448.15	1.99
601	5942843.21	5476452.99	1.83
602	5942843.45	5476453.55	1.36
603	5942843.81	5476454.25	1.11
604	5942844.18	5476455.08	1.87
605	5942847.62	5476462.12	2.00
606	5942658.25	5476548.85	2.05
607	5942655.17	5476544.37	1.98
608	5942654.36	5476543.95	1.28
609	5942654.54	5476543.16	1.33
610	5942654.17	5476542.66	2.01
611	5942649.48	5476536.38	2.26
612	5942649.27	5476534.71	2.28
613	5942647.64	5476532.16	2.40
614	5942646.25	5476529.68	2.13
615	5942645.98	5476529.14	1.76
616	5942646.11	5476528.33	1.79
617	5942646.00	5476527.78	2.33
618	5942645.73	5476527.09	2.40
619	5942641.68	5476521.59	2.45
620	5942606.89	5476572.98	2.13
621	5942605.47	5476568.34	2.07
622	5942604.82	5476567.53	1.61
623	5942604.58	5476567.09	1.48
624	5942604.39	5476566.53	2.14
625	5942599.82	5476560.28	2.13
626	5942599.33	5476558.94	2.37
627	5942598.00	5476556.50	2.38
628	5942595.78	5476553.68	2.08
629	5942595.31	5476553.10	1.83
630	5942594.93	5476552.42	1.90
631	5942594.46	5476551.64	2.39
632	5942594.17	5476550.98	2.47
633	5942590.49	5476544.01	2.63
634	5942428.44	5476622.65	2.59
635	5942439.91	5476625.52	2.47
636	5942440.14	5476626.09	2.22
637	5942440.61	5476626.70	2.05
638	5942440.57	5476627.41	2.39
639	5942442.56	5476623.92	2.55
640	5942442.08	5476631.61	2.68
641	5942443.03	5476634.24	2.62
642	5942443.47	5476635.84	2.37
643	5942446.61	5476641.47	2.02
644	5942444.90	5476642.81	1.43
645	5942444.95	5476643.29	1.43
646	5942445.09	5476643.70	2.05
647	5942448.60	5476650.94	2.24
648	5942406.13	5476670.02	2.13
649	5942402.07	5476664.17	1.99
650	5942401.97	5476663.58	1.65
651	5942401.81	5476663.31	1.49
652	5942401.52	5476662.63	2.18
653	5942401.19	5476656.03	2.13
654	5942403.19	5476653.90	2.23
655	5942401.78	5476651.23	2.37
656	5942398.71	5476646.97	2.15
657	5942398.45	5476646.66	1.72
658	5942398.24	5476645.87	1.93
659	5942397.87	5476645.43	2.37
660	5942397.63	5476644.22	2.54
661	5942390.49	5476636.78	2.49
662	5942354.63	5476656.50	2.37
663	5942358.03	5476663.40	2.35
664	5942358.65	5476664.53	2.05
665	5942358.79	5476665.05	1.74
666	5942359.01	5476665.38	1.74
667	5942359.40	5476665.91	2.06
668	5942362.30	5476670.05	2.23
669	5942364.26	5476672.33	2.17
670	5942364.89	5476673.30	2.07
671	5942367.48	5476678.55	1.89
672	5942367.64	5476679.10	1.58
673	5942368.05	5476679.92	1.46
674	5942368.47	5476680.82	1.99
675	5942373.09	5476687.48	2.22
676	5942172.77	5476751.44	1.80
677	5942173.26	5476752.29	1.30
678	5942173.51	5476752.73	1.30
679	5942173.75	5476753.16	1.80
680	5942174.34	5476758.58	2.27
681	5942174.74	5476759.88	2.07
682	5942176.54	5476762.20	2.08
683	5942178.74	5476762.36	2.07
684	5942191.40	5476762.36	1.58
685	5942191.58	5476762.73	1.08
686	5942191.78	5476763.19	1.08
687	5942191.93	5476763.55	1.58
688	5942180.08	5476768.65	0.78
689	5942179.72	5476769.47	1.28
690	5942180.73	5476768.94	1.28
691	5942183.44	5476777.70	1.86
692	5942183.04	5476777.82	1.62
693	5942182.55	5476777.95	1.88
694	5942177.83	5476779.72	1.86
695	5942177.11	5476779.94	1.63
696	5942176.46	5476780.13	1.92
697	5942174.08	5476771.07	1.04
698	5942174.72	5476771.37	1.54
699	5942173.83	5476771.82	1.54
700	5942140.61	5476761.87	1.84
701	5942139.86	5476769.78	1.42
702	5942139.65	5476769.43	0.92
703	5942139.43	5476768.99	0.92
704	5942139.15	5476768.57	1.42
705	5942139.98	5476774.83	1.90
706	5942140.25	5476776.03	2.01
707	5942140.90	5476778.90	1.96
708	5942141.27	5476780.45	1.70
709	5942141.72	5476786.31	1.49
710	5942141.85	5476786.69	0.99
711	5942142.01	5476787.16	0.99
712	5942142.15	5476787.54	1.49
713	5942144.74	5476797.64	1.81
714	5942120.63	5476776.74	1.51
715	5942120.90	5476777.17	1.01
716	5942121.11	5476777.51	1.01
717	5942121.32	5476777.85	1.51
718	5942115.00	5476780.58	1.08
719	5942113.65	5476780.29	1.54
720	5942115.15	5476779.42	1.52
721	5942101.89	5476765.06	1.87
722	5942102.50	5476764.17	1.42
723	5942103.04	5476763.60	1.73
724	5942102.09	5476786.14	1.37
725	5942102.27	5476786.57	0.97
726	5942102.37	5476786.97	0.87
727	5942102.58	5476787.31	1.37
728	5942104.79	5476792.10	1.87
729	5942104.83	5476792.63	1.85
730	5942106.13	5476795.72	1.81
731	5942105.73	5476797.69	1.94
732	5942108.68	5476801.26	1.32
733	5942108.87	5476802.01	1.04
734	5942109.09	5476802.55	0.97
735	5942109.71	5476803.80	1.60
736	5942114.08	5476809.35	1.81
737	5942070.55	5476827.93	1.68
738	5942066.71	5476822.98	1.45
739	5942066.46	5476822.58	1.00
740	5942066.27	5476822.19	0.88
741	5942065.87	5476821.78	1.43
742	5942063.84	5476817.29	1.65
743	5942062.65	5476815.89	1.78
744	5942061.43	5476813.22	1.84
745	5942060.05	5476811.17	1.30
746	5942058.89	5476808.13	1.22
747	5942058.67	5476807.75	1.04
748	5942058.31	5476807.09	1.09
749	5942058.21	5476806.57	1.41
750	5942054.29	5476799.91	1.62
751	5942035.95	5476817.68	0.89
752	5942036.56	5476816.76	1.31
753	5942034.84	5476817.62	1.27
754	5942026.51	5476799.96	1.68
755	5942027.30	5476799.91	1.46
756	5942028.13	5476799.37	1.69
757	5942003.91	5476826.65	1.60
758	5942006.49	5476831.13	1.39
759	5942006.68	5476831.85	0.92
760	5942007.02	5476832.29	1.00
761	5942007.20	5476832.63	1.18
762	5942010.36	5476836.39	1.57
763	5942010.87	5476837.17	1.77
764	5942012.46	5476839.71	1.66
765	5942013.54	5476840.82	1.35
766	5942016.57	5476845.32	1.08
767	5942016.12	5476845.85	0.69
768	5942016.41	5476846.32	0.71
769	5942016.83	5476847.00	1.28
770	5942019.72	5476852.04	1.59
800	5943559.39	5477266.28	0.44
801	5943560.29	5477257.00	0.71
802	5943560.89	5477254.57	1.12
803	5943561.12	5477253.42	1.22
804	5943561.47	5477250.48	1.28
805	5943561.55	5477249.99	1.09
806	5943561.64	5477248.28	0.40
807	5943561.44	5477245.21	0.28
808	5943561.00	5477244.35	-0.08
809	5943561.28	5477244.09	-0.08
810	5943561.12	5477243.29	0.34
811	5943563.23	5477233.62	0.27
812	5943540.70	5477230.41	0.47
813	5943539.56	5477241.87	0.29
814	5943539.34	5477242.37	0.09
815	5943539.34	5477242.91	-0.04
816	5943539.28	5477243.45	0.29
817	5943538.31	5477245.15	0.62
818	5943538.04	5477247.12	1.19
819	5943537.85	5477247.40	1.31
820	5943537.61	5477250.35	1.31
821	5943538.06	5477250.97	1.14
822	5943537.69	5477252.85	0.32
823	5943535.76	5477264.59	0.39
824	5943505.25	5477260.69	0.49
825	5943502.37	5477250.18	0.50
826	5943503.14	5477247.92	1.17
827	5943503.01	5477247.49	1.32
828	5943503.17	5477244.70	1.42
829	5943503.33	5477244.02	1.13
830	5943503.42	5477242.72	0.68
831	5943503.89	5477241.17	0.62
832	5943504.23	5477240.53	0.15
833	5943504.51	5477240.00	0.15
834	5943504.65	5477239.38	0.47
835	5943507.49	5477226.06	0.69
836	5943297.38	5477231.35	1.76
837	5943297.39	5477234.01	1.83
838	5943294.94	5477240.45	0.33
839	5943294.41	5477249.43	0.13
840	5943296.89	5477226.52	0.78
841	5943296.90	5477226.22	0.48
842	5943296.91	5477225.92	0.48
843	5943296.93	5477225.42	0.78
844	5943297.30	5477214.53	0.98
845	5943252.13	5477227.39	1.60
846	5943251.95	5477230.47	1.61
847	5943250.56	5477223.91	0.51
848	5943250.56	5477223.71	0.21
849	5943250.57	5477223.51	0.21
850	5943250.57	5477223.31	0.51
851	5943250.80	5477212.01	0.61
852	5943248.87	5477238.85	0.11
853	5943248.99	5477235.85	0.41
854	5943195.36	5477208.83	1.46
855	5943193.04	5477218.23	1.27
856	5943192.69	5477218.82	0.98
857	5943192.29	5477219.24	0.92
858	5943191.64	5477219.73	1.37
859	5943190.51	5477224.05	1.75
860	5943189.71	5477227.07	1.75
861	5943189.25	5477235.06	1.65
862	5943191.71	5477247.03	1.64
863	5943178.82	5477288.77	1.10
864	5943179.03	5477288.72	0.80
865	5943179.32	5477288.76	0.80
866	5943179.52	5477288.78	1.10
867	5943191.66	5477290.32	1.11
868	5943161.88	5477286.72	1.11
869	5943172.48	5477291.50	1.02
870	5943172.67	5477291.57	0.72
871	5943172.94	5477291.63	0.72
872	5943173.14	5477291.65	1.02
873	5943155.83	5477287.96	1.02
874	5943155.86	5477232.47	1.08
875	5943156.17	5477232.41	0.79
876	5943156.55	5477232.30	0.96
877	5943157.07	5477232.21	1.09
878	5943165.29	5477242.12	1.08
879	5943165.89	5477241.75	0.73
880	5943166.44	5477241.28	0.75
881	5943166.90	5477240.84	1.11
882	5943162.05	5477232.67	0.91
883	5943162.92	5477232.42	0.60
884	5943163.56	5477232.28	0.58
885	5943164.47	5477232.07	1.02
886	5943160.87	5477231.42	1.14
887	5943160.92	5477231.19	0.94
888	5943161.08	5477230.71	1.07
889	5943161.08	5477230.35	1.17
890	5943155.82	5477231.00	0.91
891	5943155.18	5477230.73	0.69
892	5943155.00	5477230.82	0.69
893	5943153.62	5477231.18	0.93
894	5943153.64	5477229.21	1.31
895	5943153.67	5477229.61	0.75
896	5943152.31	5477224.66	1.66
897	5943152.61	5477221.95	1.63
898	5943159.50	5477216.20	1.40
899	5943159.77	5477216.51	0.92
900	5943159.59	5477217.43	1.08
901	5943159.55	5477218.99	1.40
902	5943158.80	5477216.39	0.98
903	5943158.17	5477215.81	1.34
904	5943156.71	5477216.42	1.03
905	5943156.52	5477216.81	1.00
906	5943156.36	5477218.57	1.40
907	5943128.75	5477110.42	1.59
908	5943128.39	5477110.59	1.09
909	5943127.86	5477110.86	1.59
910	5943121.03	5477112.86	1.54
911	5943121.39	5477112.68	1.04
912	5943121.86	5477112.29	1.54
913	5943140.37	5477179.68	1.45
914	5943140.96	5477179.87	1.00
915	5943141.97	5477180.15	1.51
916	5943148.23	5477182.31	1.50
917	5943148.55	5477182.06	1.00
918	5943148.99	5477181.66	1.50
919	5943160.95	5477185.86	1.57
920	5943132.59	5477194.49	1.51
921	5943152.31	5477215.16	1.39
922	5943150.40	5477214.54	1.39
923	5943151.74	5477215.50	0.89
924	5943134.58	5477214.29	1.39
925	5943134.50	5477214.78	0.89
926	5943134.39	5477215.27	0.89
927	5943134.28	5477215.76	1.39
928	5943092.52	5477215.68	1.68
929	5943092.08	5477218.31	1.63
930	5943092.72	5477214.46	1.56
931	5943092.87	5477213.73	0.96
932	5943093.00	5477213.25	1.06
933	5943093.27	5477212.37	1.55
934	5943096.28	5477199.93	1.55
935	5943091.71	5477220.04	1.46
936	5943091.90	5477220.61	1.24
937	5943091.75	5477221.14	1.24
938	5943091.69	5477221.81	1.45
939	5943093.32	5477236.77	1.24
940	5943021.87	5477210.34	1.88
941	5943021.87	5477212.78	1.90
942	5943021.34	5477215.80	0.90
943	5943021.31	5477216.30	0.50
944	5943021.33	5477216.80	0.50
945	5943021.29	5477217.30	0.80
946	5943020.18	5477232.76	0.80
947	5943022.47	5477208.37	0.86
948	5943022.52	5477207.88	0.46
949	5943022.57	5477207.38	0.46
950	5943022.64	5477206.89	0.86
951	5943024.26	5477190.47	1.16
1001	5942919.56	5477185.30	1.92
1002	5942922.17	5477199.44	1.76
1003	5942922.06	5477200.22	1.40
1004	5942922.22	5477200.82	1.40
1005	5942922.10	5477202.47	1.92
1006	5942922.11	5477203.68	1.95
1007	5942921.89	5477206.81	1.92
1008	5942921.86	5477207.97	1.63
1009	5942921.95	5477208.37	1.51
1010	5942922.00	5477209.01	1.51
1011	5942921.98	5477209.72	1.78
1012	5942920.82	5477225.17	1.80
1013	5942882.41	5477218.38	1.83
1014	5942881.00	5477206.16	1.91
1015	5942881.02	5477205.85	1.64
1016	5942881.08	5477205.17	1.55
1017	5942881.02	5477204.30	1.85
1018	5942880.98	5477203.45	1.97
1019	5942881.81	5477200.48	2.00
1020	5942881.94	5477199.18	1.84
1021	5942881.94	5477198.29	1.34
1022	5942882.02	5477197.68	1.23
1023	5942882.19	5477197.00	1.81
1024	5942885.30	5477180.12	1.98
1025	5942860.23	5477181.39	1.98
1026	5942859.68	5477195.56	1.82
1027	5942859.72	5477195.80	1.35
1028	5942859.87	5477197.04	1.52
1029	5942860.41	5477198.28	1.98
1030	5942860.54	5477199.32	2.00
1031	5942860.45	5477202.10	1.98
1032	5942861.49	5477204.40	1.91
1033	5942861.52	5477205.59	1.72
1034	5942861.44	5477206.28	1.63
1035	5942861.51	5477207.01	1.94
1036	5942860.40	5477220.44	1.83
1037	5942723.38	5477171.63	2.10
1038	5942723.33	5477186.18	1.85
1039	5942723.20	5477186.85	1.48
1040	5942723.14	5477187.48	1.43
1041	5942723.10	5477188.88	1.85
1042	5942722.74	5477190.23	2.01
1043	5942722.44	5477193.05	1.90
1044	5942722.06	5477194.41	1.88
1045	5942721.93	5477194.73	1.66
1046	5942721.90	5477195.26	1.66
1047	5942721.56	5477195.79	1.80
1048	5942720.78	5477210.47	1.96
1049	5942689.55	5477211.59	1.95
1050	5942688.14	5477193.75	2.02
1051	5942688.15	5477193.08	1.73
1052	5942688.11	5477192.66	1.70
1053	5942687.92	5477192.22	2.06
1054	5942687.81	5477190.50	2.10
1055	5942688.17	5477187.89	2.13
1056	5942687.67	5477185.88	1.73
1057	5942687.68	5477185.34	1.47
1058	5942687.51	5477184.53	1.33
1059	5942687.78	5477184.01	1.78
1060	5942692.87	5477159.81	2.22
1061	5942664.41	5477166.00	2.00
1062	5942661.94	5477182.21	1.88
1063	5942661.87	5477182.70	1.51
1064	5942662.00	5477183.30	1.47
1065	5942662.14	5477184.46	1.91
1066	5942661.77	5477185.77	2.05
1067	5942661.70	5477188.95	2.04
1068	5942661.61	5477190.35	2.02
1069	5942661.59	5477190.75	1.81
1070	5942661.58	5477191.40	1.82
1071	5942661.34	5477192.03	2.04
1072	5942659.88	5477213.89	1.99
1073	5942579.02	5477162.42	2.11
1074	5942576.49	5477176.48	1.87
1075	5942576.19	5477177.31	1.63
1076	5942576.15	5477177.80	1.63
1077	5942576.09	5477178.60	1.86
1078	5942575.85	5477180.11	1.99
1079	5942575.36	5477182.68	1.98
1080	5942575.30	5477184.56	1.59
1081	5942575.28	5477184.96	1.19
1082	5942575.27	5477185.46	1.19
1083	5942575.23	5477185.82	1.59
1084	5942573.70	5477206.54	2.07
1085	5942542.42	5477204.27	2.05
1086	5942539.61	5477184.20	1.90
1087	5942539.11	5477183.25	1.61
1088	5942538.99	5477182.47	1.63
1089	5942539.02	5477181.68	2.05
1090	5942539.11	5477180.21	2.04
1091	5942539.33	5477177.81	2.07
1092	5942539.48	5477176.17	1.73
1093	5942539.71	5477175.49	1.59
1094	5942539.73	5477174.83	1.54
1095	5942539.79	5477173.98	1.85
1096	5942540.45	5477158.43	2.01
1097	5942510.05	5477158.83	2.12
1098	5942513.04	5477172.43	1.95
1099	5942513.13	5477172.99	1.57
1100	5942513.17	5477173.56	1.55
1101	5942513.20	5477174.05	1.90
1102	5942512.74	5477176.10	2.10
1103	5942512.92	5477178.58	1.99
1104	5942515.40	5477181.68	1.83
1105	5942515.67	5477182.74	1.63
1106	5942515.94	5477183.42	1.61
1107	5942516.32	5477183.62	1.91
1108	5942509.84	5477204.75	2.06
1109	5942249.65	5477067.36	2.05
1110	5942258.55	5477061.86	1.87
1111	5942259.11	5477061.86	1.53
1112	5942259.66	5477061.69	1.91
1113	5942264.32	5477060.06	1.92
1114	5942264.66	5477060.01	1.67
1115	5942265.46	5477059.82	2.05
1116	5942275.43	5477056.13	2.04
1117	5942290.91	5477097.19	2.02
1118	5942278.95	5477107.46	1.96
1119	5942278.76	5477107.54	1.54
1120	5942278.02	5477107.71	1.90
1121	5942273.22	5477109.33	1.90
1122	5942272.87	5477109.44	1.44
1123	5942272.46	5477109.60	1.93
1124	5942256.60	5477111.48	1.95
1125	5942268.24	5477151.21	1.85
1126	5942283.73	5477149.34	1.96
1127	5942284.35	5477149.13	1.46
1128	5942284.94	5477149.01	1.88
1129	5942289.72	5477147.75	1.81
1130	5942290.30	5477147.68	1.38
1131	5942290.81	5477147.52	1.83
1132	5942304.60	5477147.88	1.93
1133	5942337.68	5477148.87	1.90
1134	5942335.60	5477160.88	1.79
1135	5942335.30	5477161.15	1.49
1136	5942334.97	5477161.74	1.31
1137	5942334.99	5477162.43	1.90
1138	5942333.91	5477167.59	1.71
1139	5942333.77	5477168.09	1.43
1140	5942334.03	5477168.57	1.42
1141	5942333.55	5477169.07	1.79
1142	5942333.95	5477181.99	1.80
1143	5942315.34	5477183.08	1.74
1144	5942315.33	5477167.91	1.77
1145	5942314.53	5477167.25	1.31
1146	5942314.57	5477166.83	1.34
1147	5942314.69	5477166.44	1.76
1148	5942314.73	5477160.98	1.87
1149	5942315.02	5477160.51	1.48
1150	5942315.17	5477159.94	1.37
1151	5942315.43	5477159.51	1.82
1152	5942311.51	5477147.11	1.94
1153	5942294.04	5477158.09	1.81
1154	5942293.65	5477158.78	1.45
1155	5942293.82	5477159.19	1.39
1156	5942294.77	5477159.55	1.94
1157	5942292.95	5477158.99	1.78
1158	5942296.22	5477165.08	1.75
1159	5942295.65	5477165.50	1.22
1160	5942295.73	5477165.91	1.16
1161	5942296.24	5477166.23	1.88
1162	5942295.00	5477166.16	1.89
1163	5942289.73	5477164.99	1.76
1164	5942289.17	5477165.11	1.38
1165	5942288.53	5477165.59	1.81
1166	5942269.30	5477170.43	1.86
1167	5942282.19	5477204.70	1.78
1168	5942296.27	5477193.26	1.68
1169	5942296.79	5477193.12	1.41
1170	5942297.42	5477193.00	1.69
1171	5942302.05	5477190.16	1.77
1172	5942302.48	5477190.03	1.28
1173	5942302.94	5477189.81	1.49
1174	5942317.86	5477189.00	1.77
1175	5942324.89	5477226.17	1.74
1176	5942314.28	5477228.27	1.81
1177	5942313.72	5477228.41	1.20
1178	5942313.05	5477228.68	1.65
1179	5942308.27	5477230.44	1.55
1180	5942307.96	5477230.48	1.25
1181	5942307.38	5477230.67	1.68
1182	5942287.92	5477234.08	1.77
1183	5942297.77	5477260.02	1.71
1184	5942314.26	5477255.08	1.73
1185	5942314.85	5477254.97	1.24
1186	5942315.49	5477254.38	1.69
1187	5942320.40	5477253.22	1.59
1188	5942320.88	5477253.00	1.17
1189	5942321.59	5477252.77	1.71
1190	5942338.50	5477247.31	1.73
1191	5942355.28	5477326.31	1.61
1192	5942342.59	5477329.69	1.57
1193	5942342.75	5477329.63	1.20
1194	5942341.93	5477329.94	1.19
1195	5942337.79	5477330.92	1.52
1196	5942337.50	5477331.01	1.11
1197	5942337.31	5477331.07	1.61
1198	5942319.68	5477337.90	1.42
1199	5942358.67	5477384.22	1.50
1200	5942358.85	5477384.13	1.11
1201	5942359.17	5477384.04	1.59
1202	5942379.58	5477384.36	1.11
1203	5942353.86	5477385.26	1.43
1204	5942353.14	5477385.38	1.03
1205	5942352.85	5477385.45	1.53
1206	5942317.32	5477384.78	1.02
1290	5942630.03	5474101.19	0.19
1301	5943225.09	5477583.125	-0.32
1302	5943225.42	5477583.159	-0.36
1303	5943225.94	5477583.20	0.14
1304	5943224.18	5477582.33	0.17
1305	5943224.40	5477583.24	0.30
1306	5943223.64	5477582.82	0.13
1307	5943221.07	5477609.59	0.13
1308	5943220.88	5477609.561	-0.38
1309	5943220.34	5477609.360	-0.27
1310	5943219.92	5477609.29	0.10
1311	5943218.19	5477563.62	0.34
1312	5943217.68	5477563.70	-0.11
1313	5943217.24	5477563.70	-0.13
1314	5943216.90	5477563.66	0.34
1315	5943227.32	5477563.18	0.63
1316	5943207.30	5477564.16	0.64
1317	5943236.17	5477584.88	0.43
1318	5943239.10	5477601.82	0.37
1319	5943214.88	5477595.52	0.36
1320	5943211.01	5477581.72	0.49
1321	5943211.07	5477581.31	0.22
1322	5943211.11	5477580.76	0.53
1323	5943181.27	5477599.34	0.48
1324	5943184.20	5477579.56	0.48
1325	5943184.22	5477579.21	0.30
1326	5943184.27	5477578.93	0.64
1327	5943187.02	5477559.12	0.64
1328	5943144.51	5477596.99	0.66
1329	5943149.09	5477577.50	0.66
1330	5943149.00	5477577.23	0.42
1331	5943149.00	5477576.70	0.77
1332	5943148.33	5477556.11	0.77
1333	5943114.20	5477594.81	0.78
1334	5943119.27	5477575.51	0.81
1335	5943119.22	5477575.20	0.49
1336	5943119.24	5477574.72	0.83
1337	5943121.72	5477549.90	0.82
1338	5943068.46	5477587.89	0.84
1339	5943069.71	5477572.33	0.95
1340	5943069.71	5477571.98	0.70
1341	5943069.73	5477571.69	0.85
1342	5943069.93	5477553.72	0.89
1343	5943039.68	5477552.01	1.06
1344	5943041.68	5477569.82	0.99
1345	5943041.66	5477570.06	0.80
1346	5943041.73	5477570.41	0.95
1347	5943041.24	5477590.60	0.80
1348	5943008.36	5477579.04	0.97
1349	5943020.99	5477568.88	0.81
1350	5943021.00	5477569.24	1.10
1351	5943020.93	5477568.62	1.10
1352	5943015.96	5477548.77	0.97
1370	5942454.59	5477548.91	1.27
1371	5942455.43	5477533.46	1.30
1372	5942455.51	5477532.83	0.88
1373	5942455.13	5477532.00	1.48
1374	5942453.02	5477518.16	1.37
1375	5942421.81	5477520.03	1.28
1376	5942422.01	5477530.14	1.28
1377	5942421.98	5477530.63	0.77
1378	5942422.01	5477531.30	1.28
1379	5942423.31	5477545.70	1.26
1380	5942406.87	5477530.11	1.19
1381	5942406.87	5477529.51	0.84
1382	5942406.61	5477528.91	1.22
1383	5942403.42	5477510.85	1.30
1384	5942397.19	5477513.75	1.39
1385	5942396.80	5477513.84	0.84
1386	5942396.17	5477513.96	1.16
1387	5942391.50	5477515.13	1.19
1388	5942390.98	5477515.33	0.86
1389	5942390.29	5477515.31	1.30
1390	5942374.19	5477515.20	1.27
1391	5942372.73	5477526.91	1.21
1392	5942372.67	5477527.55	0.81
1393	5942373.11	5477528.09	1.13
1394	5942370.05	5477541.41	1.22
1395	5942387.63	5477528.95	1.28
1396	5942387.61	5477528.30	0.81
1397	5942387.77	5477527.75	1.33
1398	5942393.82	5477527.08	1.29
1399	5942395.44	5477527.73	1.29
1400	5942394.78	5477528.22	0.70
1401	5942395.60	5477529.22	1.18
1402	5942394.15	5477528.97	1.38
1403	5942401.34	5477529.91	1.16
1404	5942401.20	5477529.15	0.75
1405	5942401.70	5477528.71	1.31
1406	5942400.46	5477528.53	1.28
1407	5942400.17	5477544.60	0.94
1408	5942399.77	5477544.74	0.59
1409	5942399.00	5477544.87	1.06
1410	5942394.59	5477561.18	1.15
1411	5942403.33	5477559.44	1.20
1412	5942403.64	5477559.28	0.55
1413	5942404.26	5477558.88	1.02
1414	5942417.18	5477554.80	1.34
1415	5942415.55	5477649.98	0.97
1416	5942427.90	5477645.95	0.96
1417	5942428.67	5477645.66	0.52
1418	5942429.70	5477645.42	1.17
1419	5942444.56	5477640.34	1.11
1420	5942424.50	5477695.76	0.79
1421	5942439.83	5477686.57	0.80
1422	5942440.46	5477686.37	0.32
1423	5942441.08	5477686.08	0.71
1424	5942456.96	5477677.40	0.94
1425	5942348.72	5477513.19	1.32
1426	5942348.81	5477525.24	1.34
1427	5942348.99	5477526.11	0.65
1428	5942349.25	5477526.98	1.22
1429	5942346.89	5477542.70	1.30
1430	5942310.48	5477543.10	1.28
1431	5942313.64	5477524.34	1.31
1432	5942313.61	5477523.82	0.85
1433	5942313.70	5477523.14	1.15
1434	5942312.97	5477504.17	1.39
1435	5942287.75	5477511.23	1.25
1436	5942286.86	5477521.79	1.13
1437	5942286.86	5477522.10	0.83
1438	5942286.67	5477522.73	1.33
1439	5942284.32	5477537.46	1.25
1440	5942258.23	5477531.86	1.32
1441	5942259.79	5477520.43	0.83
1442	5942259.76	5477520.94	1.33
1443	5942259.87	5477520.07	1.33
1444	5942260.82	5477498.18	1.33
1500	5942730.11	5477542.52	1.37
1501	5942727.62	5477549.29	1.31
1502	5942727.48	5477549.78	1.01
1503	5942727.43	5477550.28	1.46
1504	5942726.90	5477561.88	1.32
1505	5942692.02	5477560.37	1.49
1506	5942694.02	5477547.94	1.42
1507	5942694.03	5477547.59	1.00
1508	5942694.17	5477547.00	1.33
1509	5942695.00	5477541.28	1.45
1510	5942654.05	5477535.92	1.45
1511	5942655.04	5477544.69	1.45
1512	5942654.99	5477545.12	1.03
1513	5942654.85	5477545.68	1.44
1514	5942655.24	5477557.02	1.47
1660	5941741.68	5476585.10	0.87
1780	5941644.67	5476593.77	0.57
1810	5941630.75	5476600.58	0.74
2000	5942819.34	5474555.81	0.54
2100	5942819.48	5474552.81	0.96
3370	5943050.62	5476344.85	1.63
3660	5943000.34	5476367.11	1.77
6400	5943295.37	5474606.95	0.60
7200	5943284.90	5474606.72	0.86
